363384117
658941662
946353530
689849840
895135124
173188440
605670726
515673009
176412321
139430976
993782349
895135124
632405645
215704477
569136650
796300713
139273727
895135124
433421466
163852052
895135124
970090375
213961773
214179726
328119907
877776572
895135124
71467768
831380457
632727306
215330843
844686812
895135124
86054602
666036326
968140216
102525510
419404197
571411300
734658424
313207988
895135124
949571730
387684227
351401579
895135124
87017878
476739446
986515610
353892754
418490184
727479447
895135124
984740735
818007373
42110945
895135124
790019214
152524900
81357820
87624571
703044848
371027243
913283706
895135124
509494710
895135124
885458369
616338819
550401979
246280009
853502858
839618376
815749135
887988814
505143209
895135124
800377891
689161819
895135124
751063532
564067535
661711769
604404553
895135124
59628939
522867803
415828386
610751896
441212194
706465402
727112764
169482717
724504825
895135124
373775489
867324957
376363046
96382793
164744975
277596555
895135124
895135124
748002899
265634856
468855859
822575429
903401923
187202218
602182023
833473281
229894655
693693351
895135124
994227765
779947624
379411727
395614413
206486497
895135124
649472789
822125259
132758940
895135124
605027476
171367866
42313644
895135124
555748773
822748929
480276074
759679822
895135124
87513895
732572634
515074581
625935960
122176368
82690979
714549347
47644995
611505586
453570672
895135124
196666364
706511045
895135124
402419396
431037993
531678234
629925581
621460593
337713227
817034293
340597296
895135124
887456325
557624703
480708978
700971447
895135124
369360539
772043668
895135124
520057289
126282998
29597384
974339868
