-1768 (0, 0)
-1202 (0, 0)
-1155 (0, 0)
-697 (0, 0)
-681 (0, 0)
-563 (0, 0)
-260 (0, 0)
-196 (0, 0)
-135 (0, 0)
154 (0, 0)
364 (0, 0)
546 (0, 0)
770 (0, 0)
1013 (0, 0)
1298 (0, 0)
1351 (0, 0)
1562 (0, 0)
1580 (0, 0)
2184 (0, 0)
2460 (0, 0)
2512 (0, 0)
2883 (0, 0)
3340 (0, 0)
3434 (0, 0)
3457 (0, 0)
3602 (0, 0)
3610 (0, 0)
3971 (0, 0)
4232 (0, 0)
5311 (0, 0)
5512 (0, 0)
5652 (0, 0)

-1768 (0, 0)
-1202 (1, 1768)
-1155 (1, 1768) (2, 2404)
-697 (1, 1768) (2, 2404)
-681 (1, 1768) (2, 2404)
-563 (3, 3465) (5, 3405)
-260 (3, 3465) (5, 3405)
-196 (3, 3465) (5, 3405)
-135 (3, 3465) (5, 3405)
154 (6, 3378) (9, 1215)
364 (6, 3378) (9, 1215)
546 (6, 3378) (9, 1215)
770 (9, 1215) (12, -6552)
1013 (9, 1215) (12, -6552)
1298 (9, 1215) (12, -6552)
1351 (9, 1215) (12, -6552)
1562 (9, 1215) (12, -6552)
1580 (9, 1215) (12, -6552)
2184 (9, 1215) (12, -6552)
2460 (9, 1215) (12, -6552)
2512 (9, 1215) (12, -6552)
2883 (12, -6552) (13, -10010)
3340 (12, -6552) (13, -10010)
3434 (12, -6552) (13, -10010)
3457 (12, -6552) (13, -10010)
3602 (13, -10010) (18, -28440)
3610 (13, -10010) (18, -28440)
3971 (18, -28440) (27, -97470)
4232 (18, -28440) (27, -97470)
5311 (18, -28440) (27, -97470)
5512 (18, -28440) (27, -97470)
5652 (18, -28440) (27, -97470)

-1768 (0, 0)
-1202 (1, 1768)
-1155 (2, 2970)
-697 (3, 4078)
-681 (3, 4078) (4, 3859)
-563 (3, 4078) (4, 3859)
-260 (3, 4078) (4, 3859)
-196 (3, 4078) (4, 3859)
-135 (3, 4078) (4, 3859)
154 (3, 4078) (4, 3859)
364 (9, 4275) (10, 2762)
546 (9, 4275) (10, 2762)
770 (9, 4275) (10, 2762)
1013 (9, 4275) (10, 2762)
1298 (9, 4275) (10, 2762)
1351 (9, 4275) (10, 2762)
1562 (12, 102) (13, -1865)
1580 (12, 102) (13, -1865)
2184 (14, -3850) (16, -8242)
2460 (18, -13005) (19, -20625)
2512 (18, -13005) (19, -20625)
2883 (18, -13005) (19, -20625)
3340 (18, -13005) (19, -20625)
3434 (18, -13005) (19, -20625)
3457 (18, -13005) (19, -20625)
3602 (18, -13005) (19, -20625)
3610 (18, -13005) (19, -20625)
3971 (18, -13005) (19, -20625)
4232 (18, -13005) (19, -20625)
5311 (18, -13005) (19, -20625)
5512 (18, -13005) (19, -20625)
5652 (18, -13005) (19, -20625)

-1768 (0, 0)
-1202 (1, 1768)
-1155 (2, 2970)
-697 (3, 4125)
-681 (3, 4125) (4, 4775)
-563 (5, 5440)
-260 (6, 5767)
-196 (6, 5767) (7, 5118)
-135 (6, 5767) (7, 5118)
154 (6, 5767) (7, 5118)
364 (6, 5767) (7, 5118)
546 (6, 5767) (7, 5118)
770 (11, 3547) (12, 2637)
1013 (12, 2637) (13, 1195)
1298 (12, 2637) (13, 1195)
1351 (12, 2637) (13, 1195)
1562 (13, 1195) (14, -790)
1580 (13, 1195) (14, -790)
2184 (18, -9378)
2460 (18, -9378) (19, -14770)
2512 (18, -9378) (19, -14770)
2883 (18, -9378) (19, -14770)
3340 (18, -9378) (19, -14770)
3434 (18, -9378) (19, -14770)
3457 (18, -9378) (19, -14770)
3602 (18, -9378) (19, -14770)
3610 (18, -9378) (19, -14770)
3971 (18, -9378) (19, -14770)
4232 (18, -9378) (19, -14770)
5311 (18, -9378) (19, -14770)
5512 (27, -45495) (29, -59557)
5652 (27, -45495) (29, -59557)

-1768 (0, 0)
-1202 (1, 1768)
-1155 (2, 2970)
-697 (3, 4125)
-681 (4, 4822)
-563 (5, 5487)
-260 (6, 6003)
-196 (6, 6003) (7, 6027)
-135 (6, 6003) (7, 6027)
154 (9, 6172)
364 (9, 6172) (10, 5151)
546 (9, 6172) (10, 5151)
770 (9, 6172) (10, 5151)
1013 (9, 6172) (10, 5151)
1298 (13, 2007) (14, 611)
1351 (13, 2007) (14, 611)
1562 (14, 611) (16, -2767)
1580 (14, 611) (16, -2767)
2184 (18, -6705)
2460 (18, -6705) (19, -11562)
2512 (18, -6705) (19, -11562)
2883 (18, -6705) (19, -11562)
3340 (18, -6705) (19, -11562)
3434 (18, -6705) (19, -11562)
3457 (18, -6705) (19, -11562)
3602 (18, -6705) (19, -11562)
3610 (18, -6705) (19, -11562)
3971 (18, -6705) (19, -11562)
4232 (18, -6705) (19, -11562)
5311 (27, -41868) (29, -55930)
5512 (27, -41868) (29, -55930)
5652 (27, -41868) (29, -55930)

-1768 (0, 0)
-1202 (1, 1768)
-1155 (2, 2970)
-697 (3, 4125)
-681 (4, 4822)
-563 (5, 5503)
-260 (6, 6050)
-196 (7, 6263)
-135 (7, 6263) (8, 6395)
154 (9, 6408)
364 (9, 6408) (10, 6018)
546 (10, 6018) (11, 5444)
770 (11, 5444) (12, 4534)
1013 (12, 4534) (13, 3092)
1298 (12, 4534) (13, 3092)
1351 (12, 4534) (13, 3092)
1562 (13, 3092) (16, -2046)
1580 (13, 3092) (16, -2046)
2184 (18, -5709)
2460 (18, -5709) (19, -8889)
2512 (18, -5709) (19, -8889)
2883 (18, -5709) (19, -8889)
3340 (21, -14241) (22, -18237)
3434 (21, -14241) (22, -18237)
3457 (21, -14241) (22, -18237)
3602 (21, -14241) (22, -18237)
3610 (21, -14241) (22, -18237)
3971 (21, -14241) (22, -18237)
4232 (27, -39195) (28, -46415)
5311 (27, -39195) (28, -46415)
5512 (27, -39195) (28, -46415)
5652 (27, -39195) (28, -46415)

-1768 (0, 0)
-1202 (1, 1768)
-1155 (2, 2970)
-697 (3, 4125)
-681 (4, 4822)
-563 (5, 5503)
-260 (6, 6066)
-196 (7, 6310)
-135 (8, 6459)
154 (9, 6533)
364 (10, 6254)
546 (10, 6254) (11, 5680)
770 (12, 4926)
1013 (12, 4926) (13, 3904)
1298 (13, 3904) (14, 2508)
1351 (13, 3904) (14, 2508)
1562 (14, 2508) (16, -870)
1580 (14, 2508) (16, -870)
2184 (18, -4808)
2460 (18, -4808) (19, -7893)
2512 (18, -4808) (19, -7893)
2883 (18, -4808) (19, -7893)
3340 (21, -13245) (22, -17241)
3434 (21, -13245) (22, -17241)
3457 (21, -13245) (22, -17241)
3602 (21, -13245) (22, -17241)
3610 (21, -13245) (22, -17241)
3971 (21, -13245) (22, -17241)
4232 (27, -35901) (28, -42038)
5311 (27, -35901) (28, -42038)
5512 (27, -35901) (28, -42038)
5652 (27, -35901) (28, -42038)

-1768 (0, 0)
-1202 (1, 1768)
-1155 (2, 2970)
-697 (3, 4125)
-681 (4, 4822)
-563 (5, 5503)
-260 (6, 6066)
-196 (7, 6326)
-135 (8, 6506)
154 (9, 6594)
364 (10, 6379)
546 (11, 5890)
770 (12, 5162)
1013 (13, 4156)
1298 (14, 2900)
1351 (14, 2900) (15, 1308)
1562 (14, 2900) (15, 1308)
1580 (14, 2900) (15, 1308)
2184 (18, -3812)
2460 (18, -3812) (19, -6992)
2512 (18, -3812) (19, -6992)
2883 (18, -3812) (19, -6992)
3340 (21, -12344) (22, -16340)
3434 (21, -12344) (22, -16340)
3457 (21, -12344) (22, -16340)
3602 (21, -12344) (22, -16340)
3610 (21, -12344) (22, -16340)
3971 (21, -12344) (22, -16340)
4232 (27, -34905) (28, -41042)
5311 (27, -34905) (28, -41042)
5512 (27, -34905) (28, -41042)
5652 (27, -34905) (28, -41042)

-1768 (0, 0)
-1202 (1, 1768)
-1155 (2, 2970)
-697 (3, 4125)
-681 (4, 4822)
-563 (5, 5503)
-260 (6, 6066)
-196 (7, 6326)
-135 (8, 6522)
154 (9, 6641)
364 (10, 6440)
546 (11, 6015)
770 (12, 5344)
1013 (13, 4392)
1298 (14, 3143)
1351 (14, 3143) (15, 1602)
1562 (16, 198)
1580 (16, 198) (17, -1786)
2184 (18, -3420)
2460 (18, -3420) (19, -5996)
2512 (18, -3420) (19, -5996)
2883 (21, -11348)
3340 (21, -11348) (22, -15344)
3434 (21, -11348) (22, -15344)
3457 (21, -11348) (22, -15344)
3602 (21, -11348) (22, -15344)
3610 (21, -11348) (22, -15344)
3971 (21, -11348) (22, -15344)
4232 (27, -34004) (28, -40141)
5311 (27, -34004) (28, -40141)
5512 (27, -34004) (28, -40141)
5652 (27, -34004) (28, -40141)

-1768 (0, 0)
-1202 (1, 1768)
-1155 (2, 2970)
-697 (3, 4125)
-681 (4, 4822)
-563 (5, 5503)
-260 (6, 6066)
-196 (7, 6326)
-135 (8, 6522)
154 (9, 6657)
364 (10, 6487)
546 (11, 6076)
770 (12, 5469)
1013 (13, 4574)
1298 (14, 3379)
1351 (14, 3379) (15, 1845)
1562 (16, 441)
1580 (16, 441) (17, -1364)
2184 (18, -2962)
2460 (18, -2962) (19, -5604)
2512 (18, -2962) (19, -5604)
2883 (21, -10956)
3340 (22, -14231)
3434 (22, -14231) (23, -18028)
3457 (22, -14231) (23, -18028)
3602 (22, -14231) (23, -18028)
3610 (22, -14231) (23, -18028)
3971 (27, -33008)
4232 (27, -33008) (28, -39145)
5311 (27, -33008) (28, -39145)
5512 (27, -33008) (28, -39145)
5652 (27, -33008) (28, -39145)

7127