-1768 (0, 0)
-1202 (0, 0)
-1155 (0, 0)
-697 (0, 0)
-681 (0, 0)
-563 (0, 0)
-260 (0, 0)
-196 (0, 0)
-135 (0, 0)
154 (0, 0)
364 (0, 0)
546 (0, 0)
770 (0, 0)
1013 (0, 0)
1298 (0, 0)
1351 (0, 0)
1562 (0, 0)
1580 (0, 0)
2184 (0, 0)
2460 (0, 0)
2512 (0, 0)
2883 (0, 0)
3340 (0, 0)
3434 (0, 0)
3457 (0, 0)
3602 (0, 0)
3610 (0, 0)
3971 (0, 0)
4232 (0, 0)
5311 (0, 0)
5512 (0, 0)
5652 (0, 0)

-1768 (0, 0)
-1202 (1, 1768)
-1155 (1, 1768) (2, 2404)
-697 (3, 3465)
-681 (3, 3465) (4, 2788)
-563 (3, 3465) (5, 3405)
-260 (3, 3465) (6, 3378)
-196 (3, 3465) (6, 3378)
-135 (3, 3465) (6, 3378)
154 (6, 3378) (9, 1215)
364 (6, 3378) (9, 1215)
546 (6, 3378) (9, 1215)
770 (9, 1215) (12, -6552)
1013 (9, 1215) (12, -6552)
1298 (9, 1215) (12, -6552)
1351 (9, 1215) (12, -6552)
1562 (9, 1215) (12, -6552)
1580 (9, 1215) (12, -6552)
2184 (9, 1215) (12, -6552)
2460 (9, 1215) (12, -6552)
2512 (9, 1215) (12, -6552)
2883 (12, -6552) (13, -10010)
3340 (12, -6552) (13, -10010)
3434 (12, -6552) (13, -10010)
3457 (12, -6552) (13, -10010)
3602 (13, -10010) (18, -28440)
3610 (13, -10010) (18, -28440)
3971 (18, -28440) (27, -97470)
4232 (18, -28440) (27, -97470)
5311 (18, -28440) (27, -97470)
5512 (18, -28440) (27, -97470)
5652 (18, -28440) (27, -97470)

-1768 (0, 0)
-1202 (1, 1768)
-1155 (2, 2970)
-697 (3, 4078)
-681 (3, 4078) (4, 4162)
-563 (3, 4078) (5, 4827)
-260 (6, 5154)
-196 (6, 5154) (7, 4505)
-135 (6, 5154) (8, 4445)
154 (6, 5154) (9, 4275)
364 (9, 4275) (10, 2762)
546 (9, 4275) (11, 1558)
770 (9, 4275) (11, 1558)
1013 (9, 4275) (11, 1558)
1298 (9, 4275) (11, 1558)
1351 (9, 4275) (11, 1558)
1562 (12, 102) (13, -1865)
1580 (12, 102) (13, -1865)
2184 (14, -3850) (16, -8242)
2460 (18, -13005) (19, -20625)
2512 (18, -13005) (20, -25845)
2883 (18, -13005) (21, -28929)
3340 (18, -13005) (21, -28929)
3434 (18, -13005) (21, -28929)
3457 (18, -13005) (21, -28929)
3602 (18, -13005) (21, -28929)
3610 (18, -13005) (21, -28929)
3971 (18, -13005) (27, -60550)
4232 (18, -13005) (27, -60550)
5311 (27, -60550) (29, -74992)
5512 (27, -60550) (29, -74992)
5652 (27, -60550) (29, -74992)

-1768 (0, 0)
-1202 (1, 1768)
-1155 (2, 2970)
-697 (3, 4125)
-681 (3, 4125) (4, 4775)
-563 (5, 5440)
-260 (6, 5767)
-196 (6, 5767) (7, 5414)
-135 (6, 5767) (8, 5546)
154 (9, 5559)
364 (9, 5559) (10, 4538)
546 (9, 5559) (11, 3547)
770 (9, 5559) (12, 2637)
1013 (12, 2637) (13, 1195)
1298 (12, 2637) (13, 1195)
1351 (12, 2637) (13, 1195)
1562 (13, 1195) (14, -790)
1580 (13, 1195) (14, -790)
2184 (18, -9378)
2460 (18, -9378) (19, -14770)
2512 (18, -9378) (20, -17925)
2883 (18, -9378) (21, -20541)
3340 (18, -9378) (21, -20541)
3434 (18, -9378) (21, -20541)
3457 (18, -9378) (21, -20541)
3602 (18, -9378) (21, -20541)
3610 (18, -9378) (21, -20541)
3971 (21, -20541) (22, -24537)
4232 (27, -45495) (28, -52715)
5311 (27, -45495) (29, -59557)
5512 (27, -45495) (29, -59557)
5652 (27, -45495) (29, -59557)

-1768 (0, 0)
-1202 (1, 1768)
-1155 (2, 2970)
-697 (3, 4125)
-681 (4, 4822)
-563 (5, 5487)
-260 (6, 6003)
-196 (6, 6003) (7, 6027)
-135 (6, 6003) (8, 6159)
154 (9, 6172)
364 (9, 6172) (10, 5405)
546 (9, 6172) (11, 4831)
770 (11, 4831) (12, 3921)
1013 (12, 3921) (13, 2479)
1298 (12, 3921) (13, 2479)
1351 (12, 3921) (13, 2479)
1562 (13, 2479) (16, -2767)
1580 (13, 2479) (16, -2767)
2184 (18, -6705)
2460 (18, -6705) (19, -11562)
2512 (18, -6705) (20, -14298)
2883 (18, -6705) (21, -16914)
3340 (18, -6705) (21, -16914)
3434 (21, -16914) (22, -20910)
3457 (21, -16914) (22, -20910)
3602 (21, -16914) (22, -20910)
3610 (21, -16914) (22, -20910)
3971 (21, -16914) (22, -20910)
4232 (27, -41868) (28, -48338)
5311 (27, -41868) (29, -53959)
5512 (27, -41868) (29, -53959)
5652 (27, -41868) (29, -53959)

-1768 (0, 0)
-1202 (1, 1768)
-1155 (2, 2970)
-697 (3, 4125)
-681 (4, 4822)
-563 (5, 5503)
-260 (6, 6050)
-196 (7, 6263)
-135 (7, 6263) (8, 6395)
154 (9, 6408)
364 (9, 6408) (10, 6018)
546 (10, 6018) (11, 5444)
770 (11, 5444) (12, 4534)
1013 (12, 4534) (13, 3291)
1298 (13, 3291) (14, 1895)
1351 (13, 3291) (14, 1895)
1562 (14, 1895) (16, -1483)
1580 (14, 1895) (16, -1483)
2184 (18, -5421)
2460 (18, -5421) (19, -8889)
2512 (18, -5421) (20, -11625)
2883 (18, -5421) (21, -14241)
3340 (21, -14241) (22, -18237)
3434 (21, -14241) (22, -18237)
3457 (21, -14241) (22, -18237)
3602 (21, -14241) (22, -18237)
3610 (21, -14241) (22, -18237)
3971 (21, -14241) (22, -18237)
4232 (27, -38574) (28, -44711)
5311 (27, -38574) (29, -50332)
5512 (27, -38574) (29, -50332)
5652 (27, -38574) (29, -50332)

-1768 (0, 0)
-1202 (1, 1768)
-1155 (2, 2970)
-697 (3, 4125)
-681 (4, 4822)
-563 (5, 5503)
-260 (6, 6066)
-196 (7, 6310)
-135 (8, 6459)
154 (9, 6533)
364 (10, 6254)
546 (10, 6254) (11, 5680)
770 (12, 4926)
1013 (12, 4926) (13, 3904)
1298 (13, 3904) (14, 2508)
1351 (13, 3904) (14, 2508)
1562 (14, 2508) (16, -762)
1580 (14, 2508) (16, -762)
2184 (18, -4425)
2460 (18, -4425) (19, -7605)
2512 (18, -4425) (20, -10341)
2883 (21, -12957)
3340 (21, -12957) (22, -16953)
3434 (21, -12957) (23, -20921)
3457 (21, -12957) (24, -24543)
3602 (21, -12957) (25, -28069)
3610 (21, -12957) (25, -28069)
3971 (27, -35901)
4232 (27, -35901) (28, -42038)
5311 (27, -35901) (29, -47038)
5512 (27, -35901) (29, -47038)
5652 (29, -47038) (31, -60622)

-1768 (0, 0)
-1202 (1, 1768)
-1155 (2, 2970)
-697 (3, 4125)
-681 (4, 4822)
-563 (5, 5503)
-260 (6, 6066)
-196 (7, 6326)
-135 (8, 6506)
154 (9, 6594)
364 (10, 6379)
546 (11, 5890)
770 (12, 5162)
1013 (13, 4156)
1298 (14, 2900)
1351 (14, 2900) (15, 1308)
1562 (16, -149)
1580 (16, -149) (17, -2178)
2184 (18, -3812)
2460 (18, -3812) (19, -6609)
2512 (18, -3812) (20, -9345)
2883 (21, -11961)
3340 (21, -11961) (22, -15840)
3434 (21, -11961) (23, -19637)
3457 (21, -11961) (24, -23259)
3602 (21, -11961) (25, -26785)
3610 (21, -11961) (25, -26785)
3971 (27, -34617)
4232 (27, -34617) (28, -39872)
5311 (29, -44365)
5512 (29, -44365) (30, -51834)
5652 (29, -44365) (31, -57949)

-1768 (0, 0)
-1202 (1, 1768)
-1155 (2, 2970)
-697 (3, 4125)
-681 (4, 4822)
-563 (5, 5503)
-260 (6, 6066)
-196 (7, 6326)
-135 (8, 6522)
154 (9, 6641)
364 (10, 6440)
546 (11, 6015)
770 (12, 5344)
1013 (13, 4392)
1298 (14, 3143)
1351 (14, 3143) (15, 1602)
1562 (16, 198)
1580 (16, 198) (17, -1711)
2184 (18, -3309)
2460 (18, -3309) (19, -5996)
2512 (18, -3309) (19, -5996)
2883 (21, -11348)
3340 (21, -11348) (22, -14844)
3434 (21, -11348) (22, -14844)
3457 (21, -11348) (22, -14844)
3602 (22, -14844) (25, -25789)
3610 (22, -14844) (25, -25789)
3971 (27, -33621)
4232 (27, -33621) (28, -38588)
5311 (29, -43081)
5512 (29, -43081) (30, -49676)
5652 (29, -43081) (31, -55389)

-1768 (0, 0)
-1202 (1, 1768)
-1155 (2, 2970)
-697 (3, 4125)
-681 (4, 4822)
-563 (5, 5503)
-260 (6, 6066)
-196 (7, 6326)
-135 (8, 6522)
154 (9, 6657)
364 (10, 6487)
546 (11, 6076)
770 (12, 5469)
1013 (13, 4574)
1298 (14, 3379)
1351 (14, 3379) (15, 1845)
1562 (16, 441)
1580 (16, 441) (17, -1364)
2184 (18, -2962)
2460 (18, -2962) (19, -5493)
2512 (18, -2962) (19, -5493)
2883 (21, -10845)
3340 (21, -10845) (22, -14231)
3434 (22, -14231) (23, -18028)
3457 (22, -14231) (24, -21650)
3602 (22, -14231) (25, -25176)
3610 (22, -14231) (25, -25176)
3971 (27, -32894)
4232 (27, -32894) (28, -37592)
5311 (29, -42085)
5512 (29, -42085) (30, -48392)
5652 (29, -42085) (31, -54105)

4900